initial: 6
0.991354 0.000217677 0.0069438 0.00148457 1.20955e-19 3.74483e-18

transition: 6
0.411836 0.375353 0.0825462 0.066768 0.0285141 0.0349829
0.151765 0.422709 0.284368 0.0739528 0.0293119 0.0378944
0.149303 0.141365 0.323574 0.284177 0.0482924 0.0532875
0.141153 0.135216 0.112194 0.325704 0.216682 0.0690509
0.0637009 0.0577835 0.0492552 0.0598905 0.484863 0.284507
0.279926 0.0833836 0.0637615 0.0700762 0.170289 0.332564

observation: 6
0.578187 0.360468 0.221571 0.143176 0.0599959 0.121712
0.133117 0.222372 0.203447 0.162288 0.0713859 0.0947168
0.130763 0.165344 0.339531 0.488034 0.414914 0.292235
0.157089 0.251375 0.234407 0.199732 0.163787 0.305382
0.000730914 0.000409897 0.000939994 0.00520367 0.0427747 0.0363205
0.000113568 3.13891e-05 0.000103607 0.0015653 0.247143 0.149634
