initial: 6
0.756823 1.54967e-07 0.0623777 0.180799 4.33325e-131 6.52219e-39

transition: 6
0.300883 0.0931528 0.439482 0.00835689 7.16201e-07 0.158124
0.223991 0.282941 0.479458 0.0135825 1.05695e-06 2.65171e-05
0.0139128 0.567121 0.0740737 0.342526 0.000102899 0.00226405
0.00634793 0.208197 0.0011993 0.588714 4.96094e-05 0.195492
0.107376 1.61969e-05 2.55186e-09 7.18617e-13 0.516428 0.37618
0.0144609 0.393943 7.75487e-08 9.43962e-15 0.317208 0.274389

observation: 6
0.675921 0.471337 0.27023 0.0946488 0.00625026 0.0945802
0.0175541 0.0373929 0.444092 0.0928713 0.105982 0.083897
0.300585 0.00438959 0.211898 0.194562 0.0986421 0.308217
0.00571839 0.486821 0.0697388 5.39699e-09 0.0108277 0.412211
0.000221329 5.97727e-05 0.00404095 0.617918 0.00363646 0.101094
6.50282e-23 4.03597e-17 5.58035e-21 1.31315e-25 0.774661 6.82436e-07
