initial: 6
0.00765689 0.00572164 0.8251 0.159666 0.0018561 1.01638e-08

transition: 6
0.290053 0.300138 0.101543 0.0980488 0.107761 0.102456
0.0948185 0.294456 0.306856 0.0976945 0.104894 0.101281
0.104923 0.104523 0.324371 0.309124 0.0810545 0.0760044
0.106591 0.106311 0.107217 0.314917 0.27902 0.0859439
0.0827631 0.0844043 0.0846999 0.0853788 0.339837 0.322917
0.264026 0.0871135 0.0922995 0.0943677 0.120694 0.3415

observation: 6
0.202068 0.229472 0.119625 0.116014 0.130036 0.10457
0.139776 0.16275 0.210114 0.161628 0.0441532 0.0361683
0.260907 0.235305 0.261336 0.283863 0.272482 0.25236
0.226957 0.185745 0.257078 0.278845 0.199025 0.190687
0.131618 0.151177 0.141084 0.138491 0.177155 0.251859
0.0386741 0.0355518 0.0107637 0.0211589 0.17715 0.164355
