initial: 6
2.35337e-05 1.17685e-05 2.35319e-05 2.3524e-05 1.17605e-05 5.88143e-06

transition: 6
0.290103 0.289689 0.0954243 0.0996776 0.115013 0.110092
0.0965379 0.289244 0.286367 0.100043 0.116586 0.111223
0.0969748 0.096658 0.283013 0.295924 0.116168 0.111262
0.0931876 0.0928879 0.0904679 0.283661 0.33335 0.106446
0.0895343 0.0892417 0.087169 0.0904089 0.327507 0.316139
0.280477 0.093176 0.0910511 0.0942678 0.113031 0.327997

observation: 6
0.116934 0.109878 0.0815625 0.0806097 0.0550856 0.0466129
0.0233066 0.0247435 0.026529 0.0274557 0.0112546 0.0104436
0.472078 0.47111 0.464816 0.449351 0.388128 0.410682
0.218818 0.228545 0.232865 0.241292 0.208548 0.19714
0.0247974 0.027071 0.0506777 0.0489953 0.0445231 0.0430572
0.144066 0.138653 0.14355 0.152296 0.29246 0.292065
