initial: 6
7.452e-07 2.88299e-07 0.999998 1.16973e-06 9.99686e-18 4.28323e-09

transition: 6
0.334434 0.34944 0.0897361 0.143193 0.0496032 0.0335939
0.0894968 0.313223 0.230775 0.202114 0.103812 0.0605787
0.0816818 0.0895333 0.421734 0.314793 0.0523284 0.0399298
0.0434157 0.0530855 0.0426173 0.396944 0.382552 0.0813859
0.0708682 0.0487636 0.0441197 0.0303603 0.330312 0.475576
0.350009 0.0729256 0.0699227 0.0259111 0.075447 0.405784

observation: 6
0.0566645 0.0450736 0.302729 0.0449953 0.0205718 0.0155151
0.0654543 0.0537968 0.239174 0.0708421 0.0199423 0.0165718
0.785984 0.689334 0.359192 0.280745 0.141718 0.24066
0.0386699 0.182797 0.0881511 0.514858 0.191403 0.0164157
0.00163257 0.00744095 0.00506218 0.066439 0.0625009 0.00383309
0.051595 0.0215573 0.00569125 0.0221207 0.563864 0.707004
