initial: 6
0.170657 0.121431 0.238432 0.230251 0.180199 0.0590301

transition: 6
0.302352 0.302109 0.0998945 0.0994372 0.0979743 0.0982325
0.100907 0.302477 0.300361 0.0996581 0.0981653 0.098431
0.102235 0.101976 0.300961 0.299357 0.097474 0.0979959
0.102963 0.102708 0.10089 0.301077 0.293889 0.0984733
0.10175 0.101566 0.100489 0.100084 0.297583 0.298528
0.302812 0.100762 0.0998999 0.0995308 0.0990437 0.297951

observation: 6
0.216774 0.220788 0.112048 0.111174 0.112317 0.111283
0.151382 0.150992 0.152435 0.150264 0.0747568 0.0741329
0.256065 0.254561 0.260369 0.264534 0.268657 0.265002
0.220314 0.215575 0.223064 0.229029 0.230078 0.227004
0.101617 0.10311 0.197773 0.190465 0.196965 0.205701
0.053847 0.0549739 0.0543105 0.0545338 0.117226 0.116878
