initial: 6
0.491433 0.508567 7.94579e-23 2.39469e-34 4.61051e-67 3.39831e-137

transition: 6
0.274118 0.423373 0.0120489 0.287971 0.000296875 0.00219315
0.00700143 0.505193 0.20089 0.000266861 8.0022e-05 0.286569
0.00776942 0.00208303 0.217089 0.769356 0.000596152 0.00310625
0.000498652 0.0070882 0.00824417 0.246455 0.53155 0.206164
1.46284e-32 1.33847e-09 6.87938e-29 2.19705e-23 0.500882 0.499118
0.743653 0.000203845 0.0720283 0.184115 8.17752e-08 4.75744e-13

observation: 6
0.000140346 0.297332 0.00967713 0.101779 0.298202 0.0972096
0.0830899 0.399204 0.00031937 0.0993075 8.75281e-09 0.0994148
0.417549 0.198299 0.475186 0.2959 0.302554 5.20113e-17
0.49922 0.105166 0.487 0.403558 5.22162e-21 3.53029e-26
9.79865e-14 7.43071e-09 0.0278181 0.0994557 1.79154e-07 0.803376
1.69995e-66 2.94199e-32 1.08981e-63 6.23301e-23 0.399244 6.61507e-76
