initial: 6
0.985592 0.0139419 0.000443899 2.18602e-05 1.44058e-08 2.25763e-07

transition: 6
0.393864 0.356765 0.108673 0.0905673 0.0281736 0.0219575
0.0785485 0.307172 0.371253 0.133602 0.0645943 0.0448309
0.0443938 0.0711852 0.310808 0.421168 0.093321 0.0591239
0.026449 0.0456342 0.0736054 0.352049 0.41278 0.0894823
0.0632402 0.0613422 0.0466273 0.0231381 0.331855 0.473797
0.323496 0.101786 0.0705977 0.0262786 0.0801384 0.397703

observation: 6
0.250398 0.103295 0.0360377 0.0403381 0.0241759 0.00900417
0.195653 0.110265 0.0612354 0.0561837 0.0188722 0.0104665
0.523563 0.645429 0.571926 0.274023 0.135097 0.290342
0.0119519 0.123597 0.29641 0.513453 0.124918 0.0106409
0.000328179 0.00398363 0.0218753 0.0814069 0.0446542 0.00229792
0.018105 0.0134308 0.0125161 0.034595 0.652282 0.677248
