initial: 6
0.232628 0.122338 0.231694 0.223042 0.130414 0.0598836

transition: 6
0.294565 0.292283 0.0936158 0.0975352 0.113173 0.108828
0.098806 0.294225 0.283442 0.0985466 0.114753 0.110227
0.0988403 0.0980712 0.282813 0.295098 0.114868 0.110309
0.0949592 0.0942138 0.0905295 0.283362 0.330979 0.105956
0.0903852 0.0896941 0.0863839 0.0900144 0.328215 0.315308
0.280927 0.092964 0.0897479 0.0935085 0.114082 0.328771

observation: 6
0.121498 0.116704 0.0707033 0.0694464 0.0528024 0.0500638
0.0959384 0.0936821 0.0996716 0.0984443 0.0418129 0.0402535
0.41917 0.421992 0.433269 0.421861 0.363009 0.373641
0.171586 0.182326 0.189838 0.193572 0.164467 0.1551
0.0143662 0.0152147 0.0317558 0.0336121 0.0295315 0.0270341
0.177441 0.17008 0.174762 0.183064 0.348377 0.353908
