initial: 6
0.240663 0.121349 0.22548 0.220507 0.130649 0.0613527

transition: 6
0.347003 0.325396 0.0840652 0.0829295 0.0772792 0.0833273
0.123568 0.347628 0.26942 0.0885324 0.0821612 0.08869
0.129609 0.121647 0.284483 0.280967 0.0883125 0.0949807
0.131078 0.123035 0.095999 0.284556 0.268975 0.0963576
0.128442 0.120651 0.0949153 0.0940728 0.271649 0.29027
0.357196 0.111865 0.0881473 0.0874161 0.0845736 0.270802

observation: 6
0.380323 0.374395 0.237316 0.23324 0.23345 0.235372
0.164187 0.166878 0.197276 0.194239 0.104602 0.105842
0.232454 0.237544 0.293341 0.297503 0.318342 0.309483
0.189128 0.190007 0.226385 0.223748 0.236459 0.24356
0.00525223 0.00498841 0.0123876 0.0135237 0.0155289 0.015334
0.0286558 0.0261875 0.0332941 0.0377466 0.0916175 0.0904097
