initial: 6
0.159974 0.106639 0.227903 0.231526 0.201918 0.0720398

transition: 6
0.33716 0.320004 0.0871358 0.0863106 0.0824348 0.0869546
0.118694 0.337916 0.275327 0.0908234 0.0861901 0.0910495
0.120266 0.114372 0.288964 0.286721 0.0925456 0.0971312
0.120686 0.114798 0.0969797 0.288836 0.280621 0.0980793
0.11862 0.112876 0.0954478 0.0950737 0.28282 0.295162
0.339006 0.107539 0.0909369 0.0906138 0.0900672 0.281836

observation: 6
0.408878 0.410909 0.231848 0.223561 0.223656 0.233896
0.149236 0.152733 0.174294 0.169847 0.0879836 0.0883118
0.142928 0.143748 0.16911 0.169999 0.178045 0.173782
0.195584 0.192145 0.218534 0.217654 0.22364 0.228615
0.0634884 0.0639124 0.162488 0.169888 0.172648 0.161884
0.0398849 0.0365517 0.0437256 0.0490499 0.114028 0.113511
