initial: 6
0.464246 0.00270371 0.0414159 0.351512 0.140121 2.71493e-06

transition: 6
0.444305 0.39526 0.061582 0.0429005 0.0240511 0.0319016
0.181267 0.495544 0.230978 0.0501533 0.0163832 0.0256742
0.151958 0.131459 0.322979 0.305262 0.0428821 0.0454591
0.123827 0.103028 0.109663 0.383302 0.218924 0.0612564
0.0666831 0.0523352 0.0468598 0.0594068 0.473009 0.301706
0.298215 0.0804245 0.0515332 0.0529826 0.161494 0.355351

observation: 6
0.419708 0.509848 0.220946 0.109418 0.0488143 0.124137
0.135385 0.167918 0.217106 0.117815 0.0604538 0.0774178
0.145676 0.102228 0.177602 0.199023 0.215194 0.215623
0.274663 0.207797 0.167941 0.151966 0.163963 0.273206
0.0240534 0.0121171 0.216119 0.418869 0.183412 0.0691712
0.000513768 9.20878e-05 0.000285343 0.0029085 0.328162 0.240445
