initial: 6
0.205943 0.114539 0.230272 0.225018 0.156965 0.0672625

transition: 6
0.337793 0.320604 0.0871869 0.0862878 0.0817639 0.086365
0.118871 0.338428 0.275596 0.0908465 0.0856642 0.0905944
0.120668 0.114759 0.289534 0.286972 0.0916836 0.0963832
0.121384 0.115466 0.0974042 0.289762 0.278484 0.0974996
0.119615 0.113825 0.096142 0.0956263 0.280969 0.293823
0.340287 0.107942 0.091236 0.0908061 0.0894277 0.280301

observation: 6
0.420569 0.418616 0.244324 0.236814 0.235703 0.242024
0.149043 0.153843 0.175111 0.171115 0.0898788 0.0900438
0.143308 0.144699 0.170634 0.171597 0.181917 0.176485
0.189028 0.186593 0.209004 0.207459 0.215958 0.225639
0.0632277 0.0643122 0.162886 0.170618 0.176258 0.165506
0.0348256 0.0319368 0.0380411 0.0423976 0.100285 0.100302
