initial: 6
0.747946 5.99344e-10 0.0716741 0.18038 4.09231e-129 5.21349e-39

transition: 6
0.304584 0.072409 0.424544 0.010663 7.00438e-11 0.187799
0.00326454 0.334901 0.629715 0.0321194 2.30285e-11 2.77563e-08
0.0109128 0.565691 0.109701 0.313645 7.30055e-13 4.98737e-05
0.0102593 0.201694 0.000108588 0.582795 8.51418e-05 0.205058
0.106875 6.02705e-07 6.83718e-09 3.71854e-11 0.539318 0.353806
0.00639412 0.417787 2.00044e-05 1.97892e-10 0.317029 0.25877

observation: 6
0.975408 0.478185 0.268907 0.083262 0.0101638 0.0935997
0.00866621 0.0228919 0.455613 0.0958002 0.106848 0.0874863
0.00867668 0.0185265 0.224862 0.820758 0.097442 0.318227
0.00724942 0.480397 0.0506176 0.000179556 0.0355802 0.40101
4.88754e-29 9.28451e-20 9.39085e-21 1.63385e-20 0.0106164 0.0996772
1.97594e-36 8.84245e-24 1.06277e-23 3.60466e-21 0.73935 1.10721e-11
