initial: 6
3.0565e-05 0.154491 0.0579917 0.208855 2.89059e-101 0.578632

transition: 6
0.169157 0.435549 0.395023 0.000110322 2.30657e-05 0.00013759
0.147906 0.389845 0.284134 0.0908965 1.79413e-07 0.0872179
0.534632 0.0223673 0.105159 0.337801 2.2229e-05 1.87297e-05
0.19762 0.0104252 0.0041682 0.595029 2.945e-05 0.192728
0.000435541 0.110773 9.254e-13 1.23201e-15 0.519872 0.36892
0.402103 0.00342147 8.01013e-08 4.60578e-15 0.322727 0.271749

observation: 6
0.473287 0.61366 0.192394 0.100977 0.00983597 0.0951529
0.00743069 0.0675724 0.518969 0.0944052 0.0984684 0.0904812
0.000353 0.232295 0.186053 0.19473 0.107785 0.311479
0.518887 0.086427 0.0995571 2.36509e-08 0.0134141 0.398912
4.23374e-05 4.55329e-05 0.00302631 0.609888 0.00276111 0.103975
5.02326e-11 4.06491e-15 1.71075e-20 2.57632e-27 0.767735 2.08952e-13
