initial: 6
0.963877 0.000524286 0.00836215 0.0267984 0.000437725 5.03741e-08

transition: 6
0.432065 0.385574 0.0702544 0.0547051 0.0259195 0.0314814
0.177696 0.477793 0.234665 0.0554038 0.0229331 0.0315087
0.149002 0.132048 0.311771 0.304036 0.0514884 0.0516544
0.115328 0.100442 0.106201 0.392423 0.225235 0.06037
0.0657947 0.0557731 0.0524134 0.0675036 0.443026 0.315489
0.273861 0.0782711 0.0509903 0.0511067 0.155379 0.390392

observation: 6
0.515689 0.457687 0.232884 0.124298 0.0595363 0.111888
0.102936 0.185857 0.225611 0.137332 0.0703468 0.0777417
0.17357 0.102352 0.163978 0.181201 0.221296 0.196371
0.177202 0.241993 0.197106 0.136791 0.1622 0.310969
0.0303763 0.0120469 0.180151 0.418044 0.230408 0.0702755
0.000227354 6.46082e-05 0.000268364 0.00233445 0.256212 0.232754
